20
600
2
7
7
2
2
75
43
5
2
90
75
2
2
76
75
2
62
31
102
2
34
38
100
2
102
53
67
11
2
31
55
51
8
2
2
24
9
79
40
31
2
96
64
2
2
56
54
2
762
70
82
860
30
2
47
17
2
2
44
2
2
68
64
2
2
66
2
2
4
24
24
47
5
2
2
20
2
2
2
79
2
55
76
1
2
2
2
2
2
93
64
51
2
2
2
31
2
2
2
47
2
738
57
2
26
63
91
79
2
82
2
2
73
2
41
37
78
589
79
2
31
2
575
9
68
52
2
10
2
2
99
2
2
2
45
2
2
2
2
38
90
29
2
17
67
48
35
48
36
86
2
2
2
2
44
46
2
6
2
82
74
2
54
52
2
2
72
2
42
21
2
2
2
2
2
732
97
2
90
2
2
95
37
2
36
97
25
2
90
71
2
38
799
2
32
18
2
70
2
2
2
77
52
90
8
98
87
58
74
14
2
42
66
7
21
2
31
2
2
554
2
2
21
86
64
2
2
75
94
2
51
2
2
2
2
76
2
85
2
48
2
2
33
63
101
2
2
2
2
2
96
56
2
38
644
29
24
2
29
751
6
76
69
75
2
2
44
2
23
2
2
2
83
17
26
11
72
65
2
2
2
91
2
2
3
92
14
71
2
11
11
2
2
65
2
15
2
45
30
2
2
579
2
63
26
83
2
85
2
2
59
2
34
95
22
2
2
58
2
63
2
2
78
644
2
2
718
2
99
2
2
22
2
55
48
47
2
2
2
67
2
2
71
92
82
19
80
2
4
90
38
51
61
101
2
2
41
10
98
605
63
2
3
51
2
8
2
23
2
2
90
40
96
41
7
2
89
33
11
2
2
52
2
2
98
2
2
28
84
81
2
95
49
2
2
2
2
2
2
99
2
24
20
3
29
47
2
21
2
82
2
2
36
2
44
2
2
35
17
2
39
72
2
2
19
2
34
57
33
93
49
2
2
2
2
2
2
2
42
10
14
92
17
80
34
2
13
2
54
26
3
2
2
13
95
2
98
14
2
2
37
2
2
2
60
2
78
2
52
41
66
2
2
2
2
83
2
70
12
42
25
4
75
3
91
2
694
25
54
99
29
2
2
86
99
71
2
37
12
19
2
92
80
2
94
52
2
11
32
7
2
47
2
86
25
54
64
2
84
56
25
12
2
2
2
2
12
94
62
38
2
45
645
75
2
2
2
2
84
2
2
2
2
79
60
2
2
30
52
3
17
89
2
2
9
42
33
8
17
63
58
47
2
72
2
3
2
65
2
29
38
34
2
2
61
60
100
17
37
2
69
2
36
45
2
42
2
2
73
2
2
2
2
2
2
2
42
2
73
66
